n=6,k=3,n_chips=2
-1 -1 -1
5 -1 -1
5 -1 -1
-1 -1 -1
-1 -1 -1
-1 -1 -1
---
n=6,k=3,n_chips=3
4 -1 -1
4 -1 -1
4 -1 -1
-1 -1 -1
-1 -1 -1
-1 -1 -1
---
n=6,k=3,n_chips=3
-1 -1 -1
-1 -1 -1
5 5 -1
-1 -1 -1
-1 -1 -1
4 -1 -1
---
n=6,k=3,n_chips=4
3 -1 -1
3 -1 -1
3 -1 -1
-1 -1 -1
-1 -1 -1
4 -1 -1
---
n=6,k=3,n_chips=4
3 -1 -1
3 -1 -1
5 4 -1
-1 -1 -1
-1 -1 -1
-1 -1 -1
---
n=6,k=3,n_chips=4
-1 -1 -1
3 -1 -1
-1 -1 -1
-1 -1 -1
-1 -1 -1
5 5 5
---
n=6,k=3,n_chips=4
-1 -1 -1
-1 -1 -1
5 4 -1
-1 -1 -1
-1 -1 -1
4 4 -1
---
n=6,k=3,n_chips=5
2 -1 -1
2 -1 -1
4 4 -1
-1 -1 -1
-1 -1 -1
3 -1 -1
---
n=6,k=3,n_chips=5
-1 -1 -1
3 -1 -1
4 4 -1
-1 -1 -1
-1 -1 -1
4 3 -1
---
n=6,k=3,n_chips=5
-1 -1 -1
3 -1 -1
3 -1 -1
-1 -1 -1
-1 -1 -1
4 4 4
---
n=6,k=3,n_chips=5
-1 -1 -1
5 3 -1
-1 -1 -1
-1 -1 -1
-1 -1 -1
4 4 4
---
n=6,k=3,n_chips=6
3 -1 -1
3 3 -1
3 3 -1
-1 -1 -1
-1 -1 -1
3 -1 -1
---
n=6,k=3,n_chips=6
-1 -1 -1
2 -1 -1
4 4 -1
-1 -1 -1
-1 -1 -1
4 3 3
---
n=6,k=3,n_chips=6
-1 -1 -1
2 -1 -1
4 3 -1
-1 -1 -1
-1 -1 -1
4 4 3
---
n=6,k=3,n_chips=6
-1 -1 -1
4 3 -1
3 -1 -1
-1 -1 -1
-1 -1 -1
4 3 3
---
n=6,k=3,n_chips=6
-1 -1 -1
4 3 -1
4 3 -1
-1 -1 -1
-1 -1 -1
3 3 -1
---
n=6,k=3,n_chips=7
3 -1 -1
2 -1 -1
3 3 -1
-1 -1 -1
-1 -1 -1
3 3 3
---
n=6,k=3,n_chips=7
-1 -1 -1
4 2 -1
3 3 -1
-1 -1 -1
-1 -1 -1
3 3 3
---
n=6,k=3,n_chips=8
2 -1 -1
3 2 -1
3 2 -1
-1 -1 -1
-1 -1 -1
3 2 2
---
n=6,k=3,n_chips=8
3 2 -1
3 2 -1
3 2 -1
-1 -1 -1
-1 -1 -1
2 2 -1
---
n=6,k=3,n_chips=9
2 2 -1
2 2 -1
2 2 -1
-1 -1 -1
-1 -1 -1
2 2 2
---
n=6,k=3,n_chips=12
1 1 -1
1 1 -1
1 1 -1
-1 -1 -1
1 1 1
1 1 1
---
n=6,k=3,n_chips=15
0 0 -1
0 0 -1
0 0 -1
0 0 0
0 0 0
0 0 0
---
