n=7,k=3,n_chips=2
-1 -1 -1
-1 -1 -1
-1 -1 -1
-1 -1 -1
-1 -1 -1
7 -1 -1
7 -1 -1
---
n=7,k=3,n_chips=3
-1 -1 -1
-1 -1 -1
-1 -1 -1
-1 -1 -1
6 -1 -1
6 -1 -1
6 -1 -1
---
n=7,k=3,n_chips=3
-1 -1 -1
-1 -1 -1
-1 -1 -1
-1 -1 -1
-1 -1 -1
6 -1 -1
7 7 -1
---
n=7,k=3,n_chips=4
-1 -1 -1
-1 -1 -1
-1 -1 -1
5 -1 -1
5 -1 -1
5 -1 -1
5 -1 -1
---
n=7,k=3,n_chips=4
-1 -1 -1
-1 -1 -1
-1 -1 -1
-1 -1 -1
7 -1 -1
5 -1 -1
6 6 -1
---
n=7,k=3,n_chips=4
-1 -1 -1
-1 -1 -1
-1 -1 -1
-1 -1 -1
-1 -1 -1
5 -1 -1
7 7 7
---
n=7,k=3,n_chips=4
-1 -1 -1
-1 -1 -1
-1 -1 -1
-1 -1 -1
-1 -1 -1
6 6 -1
7 6 -1
---
n=7,k=3,n_chips=4
-1 -1 -1
-1 -1 -1
-1 -1 -1
-1 -1 -1
5 -1 -1
5 -1 -1
7 6 -1
---
n=7,k=3,n_chips=5
-1 -1 -1
-1 -1 -1
-1 -1 -1
6 -1 -1
6 -1 -1
4 -1 -1
5 5 -1
---
n=7,k=3,n_chips=5
-1 -1 -1
-1 -1 -1
-1 -1 -1
-1 -1 -1
6 -1 -1
4 -1 -1
7 6 6
---
n=7,k=3,n_chips=5
-1 -1 -1
-1 -1 -1
-1 -1 -1
-1 -1 -1
6 -1 -1
5 5 -1
6 6 -1
---
n=7,k=3,n_chips=5
-1 -1 -1
-1 -1 -1
-1 -1 -1
-1 -1 -1
-1 -1 -1
6 5 -1
7 6 6
---
n=7,k=3,n_chips=5
-1 -1 -1
-1 -1 -1
-1 -1 -1
-1 -1 -1
7 5 -1
6 -1 -1
5 5 -1
---
n=7,k=3,n_chips=5
-1 -1 -1
-1 -1 -1
-1 -1 -1
-1 -1 -1
6 6 -1
6 5 -1
5 -1 -1
---
n=7,k=3,n_chips=5
-1 -1 -1
-1 -1 -1
-1 -1 -1
-1 -1 -1
5 -1 -1
5 -1 -1
6 6 6
---
n=7,k=3,n_chips=5
-1 -1 -1
-1 -1 -1
-1 -1 -1
-1 -1 -1
7 5 -1
6 5 -1
4 -1 -1
---
n=7,k=3,n_chips=5
-1 -1 -1
-1 -1 -1
-1 -1 -1
7 -1 -1
5 -1 -1
6 5 -1
4 -1 -1
---
n=7,k=3,n_chips=5
-1 -1 -1
-1 -1 -1
-1 -1 -1
-1 -1 -1
7 5 -1
-1 -1 -1
6 6 6
---
n=7,k=3,n_chips=5
-1 -1 -1
-1 -1 -1
-1 -1 -1
-1 -1 -1
4 -1 -1
6 6 -1
6 6 -1
---
n=7,k=3,n_chips=5
-1 -1 -1
-1 -1 -1
-1 -1 -1
-1 -1 -1
7 -1 -1
6 5 -1
5 5 -1
---
n=7,k=3,n_chips=5
-1 -1 -1
-1 -1 -1
-1 -1 -1
6 6 -1
4 -1 -1
4 -1 -1
4 -1 -1
---
n=7,k=3,n_chips=5
-1 -1 -1
-1 -1 -1
-1 -1 -1
7 7 -1
-1 -1 -1
4 -1 -1
5 5 -1
---
n=7,k=3,n_chips=5
-1 -1 -1
-1 -1 -1
-1 -1 -1
4 -1 -1
-1 -1 -1
4 -1 -1
7 7 7
---
n=7,k=3,n_chips=5
-1 -1 -1
-1 -1 -1
-1 -1 -1
4 -1 -1
4 -1 -1
7 5 -1
4 -1 -1
---
n=7,k=3,n_chips=5
-1 -1 -1
-1 -1 -1
-1 -1 -1
5 -1 -1
-1 -1 -1
7 7 6
4 -1 -1
---
n=7,k=3,n_chips=5
-1 -1 -1
-1 -1 -1
6 -1 -1
5 -1 -1
4 -1 -1
4 -1 -1
5 -1 -1
---
n=7,k=3,n_chips=6
-1 -1 -1
-1 -1 -1
-1 -1 -1
5 -1 -1
5 -1 -1
3 -1 -1
6 6 5
---
n=7,k=3,n_chips=6
-1 -1 -1
-1 -1 -1
-1 -1 -1
-1 -1 -1
5 -1 -1
5 5 -1
6 6 5
---
n=7,k=3,n_chips=6
-1 -1 -1
-1 -1 -1
-1 -1 -1
5 -1 -1
6 5 -1
5 -1 -1
4 4 -1
---
n=7,k=3,n_chips=6
-1 -1 -1
-1 -1 -1
-1 -1 -1
6 -1 -1
5 5 -1
-1 -1 -1
6 5 5
---
n=7,k=3,n_chips=6
-1 -1 -1
-1 -1 -1
-1 -1 -1
-1 -1 -1
6 5 -1
6 5 -1
5 4 -1
---
n=7,k=3,n_chips=6
-1 -1 -1
-1 -1 -1
-1 -1 -1
6 -1 -1
6 5 -1
5 4 -1
3 -1 -1
---
n=7,k=3,n_chips=6
-1 -1 -1
-1 -1 -1
-1 -1 -1
-1 -1 -1
5 -1 -1
6 4 -1
6 6 5
---
n=7,k=3,n_chips=6
-1 -1 -1
-1 -1 -1
-1 -1 -1
-1 -1 -1
6 5 -1
4 -1 -1
6 6 5
---
n=7,k=3,n_chips=6
-1 -1 -1
-1 -1 -1
-1 -1 -1
-1 -1 -1
6 5 -1
5 5 -1
5 5 -1
---
n=7,k=3,n_chips=6
-1 -1 -1
-1 -1 -1
-1 -1 -1
-1 -1 -1
6 5 -1
5 -1 -1
6 5 5
---
n=7,k=3,n_chips=6
-1 -1 -1
-1 -1 -1
-1 -1 -1
-1 -1 -1
4 -1 -1
6 4 -1
6 6 6
---
n=7,k=3,n_chips=6
-1 -1 -1
-1 -1 -1
-1 -1 -1
-1 -1 -1
3 -1 -1
6 5 -1
6 6 6
---
n=7,k=3,n_chips=6
-1 -1 -1
-1 -1 -1
-1 -1 -1
-1 -1 -1
6 4 -1
6 5 -1
5 5 -1
---
n=7,k=3,n_chips=6
-1 -1 -1
-1 -1 -1
-1 -1 -1
-1 -1 -1
5 5 -1
4 -1 -1
6 6 6
---
n=7,k=3,n_chips=6
-1 -1 -1
-1 -1 -1
-1 -1 -1
-1 -1 -1
7 4 -1
6 4 -1
5 4 -1
---
n=7,k=3,n_chips=6
-1 -1 -1
-1 -1 -1
-1 -1 -1
7 -1 -1
4 -1 -1
6 4 -1
5 4 -1
---
n=7,k=3,n_chips=6
-1 -1 -1
-1 -1 -1
-1 -1 -1
6 -1 -1
6 -1 -1
5 4 -1
4 4 -1
---
n=7,k=3,n_chips=6
-1 -1 -1
-1 -1 -1
-1 -1 -1
-1 -1 -1
6 6 -1
6 5 -1
4 4 -1
---
n=7,k=3,n_chips=6
-1 -1 -1
-1 -1 -1
-1 -1 -1
-1 -1 -1
6 6 -1
5 5 -1
5 4 -1
---
n=7,k=3,n_chips=6
-1 -1 -1
-1 -1 -1
-1 -1 -1
-1 -1 -1
6 6 -1
6 4 -1
5 4 -1
---
n=7,k=3,n_chips=6
-1 -1 -1
-1 -1 -1
-1 -1 -1
5 -1 -1
5 -1 -1
3 -1 -1
7 5 5
---
n=7,k=3,n_chips=6
-1 -1 -1
-1 -1 -1
-1 -1 -1
-1 -1 -1
5 -1 -1
5 5 -1
7 5 5
---
n=7,k=3,n_chips=6
-1 -1 -1
-1 -1 -1
-1 -1 -1
-1 -1 -1
7 5 -1
5 5 -1
5 4 -1
---
n=7,k=3,n_chips=6
-1 -1 -1
-1 -1 -1
-1 -1 -1
4 -1 -1
4 -1 -1
5 5 -1
6 5 -1
---
n=7,k=3,n_chips=6
-1 -1 -1
-1 -1 -1
-1 -1 -1
-1 -1 -1
6 -1 -1
5 4 -1
6 6 5
---
n=7,k=3,n_chips=6
-1 -1 -1
-1 -1 -1
-1 -1 -1
6 6 -1
-1 -1 -1
3 -1 -1
7 5 5
---
n=7,k=3,n_chips=6
-1 -1 -1
-1 -1 -1
-1 -1 -1
4 -1 -1
6 5 -1
4 -1 -1
6 4 -1
---
n=7,k=3,n_chips=6
-1 -1 -1
-1 -1 -1
-1 -1 -1
3 -1 -1
6 6 -1
5 5 -1
5 -1 -1
---
n=7,k=3,n_chips=6
-1 -1 -1
-1 -1 -1
-1 -1 -1
4 -1 -1
5 5 -1
5 5 -1
6 -1 -1
---
n=7,k=3,n_chips=6
-1 -1 -1
-1 -1 -1
-1 -1 -1
-1 -1 -1
6 -1 -1
5 4 -1
7 5 5
---
n=7,k=3,n_chips=6
-1 -1 -1
-1 -1 -1
-1 -1 -1
6 4 -1
-1 -1 -1
3 -1 -1
7 6 6
---
n=7,k=3,n_chips=6
-1 -1 -1
-1 -1 -1
-1 -1 -1
4 -1 -1
4 -1 -1
4 -1 -1
6 5 5
---
n=7,k=3,n_chips=6
-1 -1 -1
-1 -1 -1
-1 -1 -1
5 -1 -1
6 6 -1
3 -1 -1
6 4 -1
---
n=7,k=3,n_chips=6
-1 -1 -1
-1 -1 -1
-1 -1 -1
3 -1 -1
3 -1 -1
6 5 -1
6 5 -1
---
n=7,k=3,n_chips=6
-1 -1 -1
-1 -1 -1
-1 -1 -1
-1 -1 -1
4 -1 -1
6 4 -1
7 6 5
---
n=7,k=3,n_chips=6
-1 -1 -1
-1 -1 -1
-1 -1 -1
7 4 -1
5 5 -1
5 5 -1
-1 -1 -1
---
n=7,k=3,n_chips=6
-1 -1 -1
-1 -1 -1
-1 -1 -1
-1 -1 -1
6 -1 -1
6 5 -1
5 5 5
---
n=7,k=3,n_chips=6
-1 -1 -1
-1 -1 -1
-1 -1 -1
-1 -1 -1
4 -1 -1
6 6 -1
6 5 5
---
n=7,k=3,n_chips=6
-1 -1 -1
-1 -1 -1
-1 -1 -1
6 -1 -1
4 -1 -1
5 4 -1
7 4 -1
---
n=7,k=3,n_chips=6
-1 -1 -1
-1 -1 -1
-1 -1 -1
-1 -1 -1
3 -1 -1
5 5 -1
7 6 6
---
n=7,k=3,n_chips=6
-1 -1 -1
-1 -1 -1
-1 -1 -1
-1 -1 -1
4 -1 -1
5 5 -1
7 6 5
---
n=7,k=3,n_chips=6
-1 -1 -1
-1 -1 -1
-1 -1 -1
-1 -1 -1
5 -1 -1
7 4 -1
6 5 5
---
n=7,k=3,n_chips=6
-1 -1 -1
-1 -1 -1
-1 -1 -1
4 -1 -1
7 3 -1
6 5 -1
4 -1 -1
---
n=7,k=3,n_chips=6
-1 -1 -1
-1 -1 -1
-1 -1 -1
3 -1 -1
3 -1 -1
5 5 -1
7 4 -1
---
n=7,k=3,n_chips=6
-1 -1 -1
-1 -1 -1
-1 -1 -1
3 -1 -1
3 -1 -1
6 4 -1
7 4 -1
---
n=7,k=3,n_chips=6
-1 -1 -1
-1 -1 -1
-1 -1 -1
4 -1 -1
-1 -1 -1
6 6 5
7 4 -1
---
n=7,k=3,n_chips=6
-1 -1 -1
-1 -1 -1
-1 -1 -1
-1 -1 -1
7 4 -1
6 6 -1
4 4 -1
---
n=7,k=3,n_chips=6
-1 -1 -1
-1 -1 -1
5 -1 -1
4 -1 -1
3 -1 -1
3 -1 -1
6 5 -1
---
n=7,k=3,n_chips=7
-1 -1 -1
-1 -1 -1
-1 -1 -1
5 -1 -1
5 -1 -1
4 4 -1
6 4 4
---
n=7,k=3,n_chips=7
-1 -1 -1
-1 -1 -1
-1 -1 -1
5 -1 -1
5 -1 -1
4 4 -1
5 5 4
---
n=7,k=3,n_chips=7
-1 -1 -1
-1 -1 -1
-1 -1 -1
-1 -1 -1
5 5 -1
5 4 -1
6 5 4
---
n=7,k=3,n_chips=7
-1 -1 -1
-1 -1 -1
-1 -1 -1
-1 -1 -1
6 4 -1
5 4 -1
6 5 4
---
n=7,k=3,n_chips=7
-1 -1 -1
-1 -1 -1
-1 -1 -1
-1 -1 -1
6 4 -1
5 4 -1
5 5 5
---
n=7,k=3,n_chips=7
-1 -1 -1
-1 -1 -1
-1 -1 -1
5 -1 -1
5 5 -1
3 -1 -1
5 5 5
---
n=7,k=3,n_chips=7
-1 -1 -1
-1 -1 -1
-1 -1 -1
-1 -1 -1
5 4 -1
5 4 -1
6 5 5
---
n=7,k=3,n_chips=7
-1 -1 -1
-1 -1 -1
-1 -1 -1
-1 -1 -1
6 3 -1
5 4 -1
6 5 5
---
n=7,k=3,n_chips=7
-1 -1 -1
-1 -1 -1
-1 -1 -1
-1 -1 -1
5 5 -1
5 3 -1
6 5 5
---
n=7,k=3,n_chips=7
-1 -1 -1
-1 -1 -1
-1 -1 -1
5 -1 -1
5 4 -1
3 -1 -1
6 5 5
---
n=7,k=3,n_chips=7
-1 -1 -1
-1 -1 -1
-1 -1 -1
6 -1 -1
6 4 -1
5 3 -1
4 3 -1
---
n=7,k=3,n_chips=7
-1 -1 -1
-1 -1 -1
-1 -1 -1
6 -1 -1
5 5 -1
5 3 -1
4 3 -1
---
n=7,k=3,n_chips=7
-1 -1 -1
-1 -1 -1
-1 -1 -1
5 -1 -1
6 5 -1
5 4 -1
4 3 -1
---
n=7,k=3,n_chips=7
-1 -1 -1
-1 -1 -1
-1 -1 -1
4 -1 -1
4 -1 -1
5 4 -1
6 5 4
---
n=7,k=3,n_chips=7
-1 -1 -1
-1 -1 -1
-1 -1 -1
4 -1 -1
4 -1 -1
5 4 -1
5 5 5
---
n=7,k=3,n_chips=7
-1 -1 -1
-1 -1 -1
-1 -1 -1
5 -1 -1
5 5 -1
5 4 -1
4 4 -1
---
n=7,k=3,n_chips=7
-1 -1 -1
-1 -1 -1
-1 -1 -1
5 5 -1
4 -1 -1
4 -1 -1
6 4 4
---
n=7,k=3,n_chips=7
-1 -1 -1
-1 -1 -1
-1 -1 -1
5 5 -1
4 -1 -1
4 -1 -1
5 5 4
---
n=7,k=3,n_chips=7
-1 -1 -1
-1 -1 -1
-1 -1 -1
5 5 -1
4 -1 -1
5 4 -1
5 4 -1
---
n=7,k=3,n_chips=7
-1 -1 -1
-1 -1 -1
-1 -1 -1
-1 -1 -1
5 -1 -1
6 5 4
6 5 4
---
n=7,k=3,n_chips=7
-1 -1 -1
-1 -1 -1
-1 -1 -1
5 5 -1
5 -1 -1
3 -1 -1
6 5 4
---
n=7,k=3,n_chips=7
-1 -1 -1
-1 -1 -1
-1 -1 -1
5 5 -1
-1 -1 -1
6 3 -1
6 5 4
---
n=7,k=3,n_chips=7
-1 -1 -1
-1 -1 -1
-1 -1 -1
5 -1 -1
4 3 -1
5 -1 -1
5 5 5
---
n=7,k=3,n_chips=7
-1 -1 -1
-1 -1 -1
-1 -1 -1
5 -1 -1
6 4 -1
5 4 -1
4 4 -1
---
n=7,k=3,n_chips=7
-1 -1 -1
-1 -1 -1
-1 -1 -1
-1 -1 -1
6 4 -1
4 4 -1
6 5 5
---
n=7,k=3,n_chips=7
-1 -1 -1
-1 -1 -1
-1 -1 -1
6 5 -1
5 5 -1
3 3 -1
4 -1 -1
---
n=7,k=3,n_chips=7
-1 -1 -1
-1 -1 -1
-1 -1 -1
5 5 -1
5 5 -1
4 4 -1
4 -1 -1
---
n=7,k=3,n_chips=7
-1 -1 -1
-1 -1 -1
-1 -1 -1
5 5 -1
5 5 -1
4 3 -1
5 -1 -1
---
n=7,k=3,n_chips=7
-1 -1 -1
-1 -1 -1
-1 -1 -1
6 4 -1
5 5 -1
4 4 -1
4 -1 -1
---
n=7,k=3,n_chips=7
-1 -1 -1
-1 -1 -1
-1 -1 -1
6 3 -1
5 5 -1
4 4 -1
5 -1 -1
---
n=7,k=3,n_chips=7
-1 -1 -1
-1 -1 -1
-1 -1 -1
6 4 -1
5 5 -1
4 3 -1
5 -1 -1
---
n=7,k=3,n_chips=7
-1 -1 -1
-1 -1 -1
-1 -1 -1
4 -1 -1
5 5 -1
5 3 -1
5 5 -1
---
n=7,k=3,n_chips=7
-1 -1 -1
-1 -1 -1
-1 -1 -1
6 5 -1
5 4 -1
4 4 -1
4 -1 -1
---
n=7,k=3,n_chips=7
-1 -1 -1
-1 -1 -1
-1 -1 -1
5 4 -1
-1 -1 -1
5 3 -1
6 6 5
---
n=7,k=3,n_chips=7
-1 -1 -1
-1 -1 -1
-1 -1 -1
3 -1 -1
3 -1 -1
5 5 -1
6 5 5
---
n=7,k=3,n_chips=7
-1 -1 -1
-1 -1 -1
-1 -1 -1
4 -1 -1
6 5 -1
5 3 -1
5 4 -1
---
n=7,k=3,n_chips=7
-1 -1 -1
-1 -1 -1
-1 -1 -1
4 -1 -1
6 4 -1
4 4 -1
6 4 -1
---
n=7,k=3,n_chips=7
-1 -1 -1
-1 -1 -1
-1 -1 -1
-1 -1 -1
6 4 -1
4 4 -1
6 6 4
---
n=7,k=3,n_chips=7
-1 -1 -1
-1 -1 -1
-1 -1 -1
4 -1 -1
6 3 -1
5 5 -1
5 4 -1
---
n=7,k=3,n_chips=7
-1 -1 -1
-1 -1 -1
-1 -1 -1
3 -1 -1
3 -1 -1
5 5 -1
6 6 4
---
n=7,k=3,n_chips=7
-1 -1 -1
-1 -1 -1
-1 -1 -1
-1 -1 -1
5 4 -1
5 4 -1
6 6 4
---
n=7,k=3,n_chips=7
-1 -1 -1
-1 -1 -1
-1 -1 -1
3 -1 -1
5 5 -1
5 5 -1
5 4 -1
---
n=7,k=3,n_chips=7
-1 -1 -1
-1 -1 -1
-1 -1 -1
5 -1 -1
6 5 -1
4 4 -1
4 4 -1
---
n=7,k=3,n_chips=7
-1 -1 -1
-1 -1 -1
-1 -1 -1
5 -1 -1
4 -1 -1
5 4 -1
7 4 4
---
n=7,k=3,n_chips=7
-1 -1 -1
-1 -1 -1
-1 -1 -1
-1 -1 -1
6 4 -1
5 3 -1
6 5 5
---
n=7,k=3,n_chips=7
-1 -1 -1
-1 -1 -1
-1 -1 -1
-1 -1 -1
5 5 -1
5 5 -1
5 5 5
---
n=7,k=3,n_chips=7
-1 -1 -1
-1 -1 -1
-1 -1 -1
-1 -1 -1
5 5 -1
5 5 -1
6 4 4
---
n=7,k=3,n_chips=7
-1 -1 -1
-1 -1 -1
-1 -1 -1
6 5 -1
3 -1 -1
4 4 -1
5 5 -1
---
n=7,k=3,n_chips=7
-1 -1 -1
-1 -1 -1
-1 -1 -1
6 5 -1
3 -1 -1
5 3 -1
5 5 -1
---
n=7,k=3,n_chips=7
-1 -1 -1
-1 -1 -1
-1 -1 -1
-1 -1 -1
5 5 -1
5 4 -1
7 4 4
---
n=7,k=3,n_chips=7
-1 -1 -1
-1 -1 -1
-1 -1 -1
6 -1 -1
5 5 -1
4 4 -1
4 4 -1
---
n=7,k=3,n_chips=7
-1 -1 -1
-1 -1 -1
-1 -1 -1
6 -1 -1
5 4 -1
5 4 -1
4 4 -1
---
n=7,k=3,n_chips=7
-1 -1 -1
-1 -1 -1
-1 -1 -1
-1 -1 -1
6 5 -1
4 3 -1
6 6 4
---
n=7,k=3,n_chips=7
-1 -1 -1
-1 -1 -1
-1 -1 -1
4 -1 -1
6 4 -1
5 3 -1
5 5 -1
---
n=7,k=3,n_chips=7
-1 -1 -1
-1 -1 -1
-1 -1 -1
5 -1 -1
5 -1 -1
4 3 -1
6 5 4
---
n=7,k=3,n_chips=7
-1 -1 -1
-1 -1 -1
-1 -1 -1
4 -1 -1
5 4 -1
6 -1 -1
6 4 4
---
n=7,k=3,n_chips=7
-1 -1 -1
-1 -1 -1
-1 -1 -1
5 -1 -1
5 -1 -1
5 5 -1
4 4 4
---
n=7,k=3,n_chips=7
-1 -1 -1
-1 -1 -1
-1 -1 -1
3 -1 -1
6 3 -1
5 5 -1
5 5 -1
---
n=7,k=3,n_chips=7
-1 -1 -1
-1 -1 -1
-1 -1 -1
-1 -1 -1
6 4 -1
4 4 -1
7 5 4
---
n=7,k=3,n_chips=7
-1 -1 -1
-1 -1 -1
-1 -1 -1
-1 -1 -1
5 5 -1
4 4 -1
7 5 4
---
n=7,k=3,n_chips=7
-1 -1 -1
-1 -1 -1
-1 -1 -1
5 -1 -1
6 4 -1
4 3 -1
6 4 -1
---
n=7,k=3,n_chips=7
-1 -1 -1
-1 -1 -1
-1 -1 -1
4 -1 -1
6 4 -1
3 -1 -1
6 5 5
---
n=7,k=3,n_chips=7
-1 -1 -1
-1 -1 -1
-1 -1 -1
5 -1 -1
3 -1 -1
4 4 -1
6 6 5
---
n=7,k=3,n_chips=7
-1 -1 -1
-1 -1 -1
-1 -1 -1
-1 -1 -1
6 3 -1
4 4 -1
6 6 5
---
n=7,k=3,n_chips=7
-1 -1 -1
-1 -1 -1
-1 -1 -1
5 -1 -1
3 -1 -1
4 4 -1
7 5 5
---
n=7,k=3,n_chips=7
-1 -1 -1
-1 -1 -1
-1 -1 -1
-1 -1 -1
6 3 -1
4 4 -1
7 5 5
---
n=7,k=3,n_chips=7
-1 -1 -1
-1 -1 -1
-1 -1 -1
-1 -1 -1
5 4 -1
4 4 -1
6 6 5
---
n=7,k=3,n_chips=7
-1 -1 -1
-1 -1 -1
-1 -1 -1
-1 -1 -1
5 4 -1
4 4 -1
7 5 5
---
n=7,k=3,n_chips=7
-1 -1 -1
-1 -1 -1
-1 -1 -1
-1 -1 -1
6 4 -1
4 3 -1
6 6 5
---
n=7,k=3,n_chips=7
-1 -1 -1
-1 -1 -1
-1 -1 -1
4 -1 -1
4 -1 -1
6 4 -1
5 5 4
---
n=7,k=3,n_chips=7
-1 -1 -1
-1 -1 -1
-1 -1 -1
4 -1 -1
4 -1 -1
6 3 -1
5 5 5
---
n=7,k=3,n_chips=7
-1 -1 -1
-1 -1 -1
-1 -1 -1
3 -1 -1
6 3 -1
5 4 -1
6 4 -1
---
n=7,k=3,n_chips=7
-1 -1 -1
-1 -1 -1
-1 -1 -1
3 -1 -1
5 4 -1
5 4 -1
6 4 -1
---
n=7,k=3,n_chips=7
-1 -1 -1
-1 -1 -1
-1 -1 -1
6 4 -1
-1 -1 -1
5 5 4
6 4 -1
---
n=7,k=3,n_chips=7
-1 -1 -1
-1 -1 -1
-1 -1 -1
-1 -1 -1
6 4 -1
6 4 4
5 5 -1
---
n=7,k=3,n_chips=7
-1 -1 -1
-1 -1 -1
-1 -1 -1
6 -1 -1
6 4 -1
4 4 -1
4 4 -1
---
n=7,k=3,n_chips=7
-1 -1 -1
-1 -1 -1
-1 -1 -1
-1 -1 -1
6 5 -1
5 3 -1
6 5 4
---
n=7,k=3,n_chips=7
-1 -1 -1
-1 -1 -1
-1 -1 -1
6 6 -1
5 5 -1
3 -1 -1
4 3 -1
---
n=7,k=3,n_chips=7
-1 -1 -1
-1 -1 -1
-1 -1 -1
6 6 -1
3 -1 -1
5 4 -1
4 4 -1
---
n=7,k=3,n_chips=7
-1 -1 -1
-1 -1 -1
-1 -1 -1
6 -1 -1
5 5 -1
5 5 -1
3 3 -1
---
n=7,k=3,n_chips=7
-1 -1 -1
-1 -1 -1
-1 -1 -1
-1 -1 -1
6 3 -1
5 5 -1
7 4 4
---
n=7,k=3,n_chips=7
-1 -1 -1
-1 -1 -1
-1 -1 -1
6 -1 -1
6 4 -1
5 5 -1
3 3 -1
---
n=7,k=3,n_chips=8
-1 -1 -1
-1 -1 -1
-1 -1 -1
5 -1 -1
5 4 -1
4 3 -1
6 4 3
---
n=7,k=3,n_chips=8
-1 -1 -1
-1 -1 -1
-1 -1 -1
5 -1 -1
5 4 -1
4 3 -1
5 5 3
---
n=7,k=3,n_chips=8
-1 -1 -1
-1 -1 -1
-1 -1 -1
5 -1 -1
5 4 -1
4 3 -1
5 4 4
---
n=7,k=3,n_chips=8
-1 -1 -1
-1 -1 -1
-1 -1 -1
5 -1 -1
5 3 -1
4 3 -1
5 5 4
---
n=7,k=3,n_chips=8
-1 -1 -1
-1 -1 -1
-1 -1 -1
5 -1 -1
4 4 -1
4 3 -1
5 5 4
---
n=7,k=3,n_chips=8
-1 -1 -1
-1 -1 -1
-1 -1 -1
4 -1 -1
5 4 -1
4 3 -1
5 5 4
---
n=7,k=3,n_chips=8
-1 -1 -1
-1 -1 -1
-1 -1 -1
4 -1 -1
4 -1 -1
5 5 3
5 5 3
---
n=7,k=3,n_chips=8
-1 -1 -1
-1 -1 -1
-1 -1 -1
5 4 -1
4 -1 -1
5 3 -1
5 5 3
---
n=7,k=3,n_chips=8
-1 -1 -1
-1 -1 -1
-1 -1 -1
4 4 -1
4 4 -1
4 -1 -1
5 5 4
---
n=7,k=3,n_chips=8
-1 -1 -1
-1 -1 -1
-1 -1 -1
5 3 -1
4 4 -1
4 -1 -1
5 5 4
---
n=7,k=3,n_chips=8
-1 -1 -1
-1 -1 -1
-1 -1 -1
4 -1 -1
5 3 -1
4 4 -1
6 4 4
---
n=7,k=3,n_chips=8
-1 -1 -1
-1 -1 -1
-1 -1 -1
4 -1 -1
3 -1 -1
6 4 4
6 4 4
---
n=7,k=3,n_chips=8
-1 -1 -1
-1 -1 -1
-1 -1 -1
-1 -1 -1
5 3 -1
6 4 4
6 4 4
---
n=7,k=3,n_chips=8
-1 -1 -1
-1 -1 -1
-1 -1 -1
5 4 -1
4 4 -1
5 4 4
4 -1 -1
---
n=7,k=3,n_chips=8
-1 -1 -1
-1 -1 -1
-1 -1 -1
5 4 -1
4 4 -1
3 -1 -1
5 5 4
---
n=7,k=3,n_chips=8
-1 -1 -1
-1 -1 -1
-1 -1 -1
5 4 -1
4 4 -1
6 4 3
4 -1 -1
---
n=7,k=3,n_chips=8
-1 -1 -1
-1 -1 -1
-1 -1 -1
3 -1 -1
5 4 -1
4 3 -1
5 5 5
---
n=7,k=3,n_chips=8
-1 -1 -1
-1 -1 -1
-1 -1 -1
5 3 -1
4 -1 -1
4 3 -1
5 5 5
---
n=7,k=3,n_chips=8
-1 -1 -1
-1 -1 -1
-1 -1 -1
3 -1 -1
5 3 -1
4 4 -1
5 5 5
---
n=7,k=3,n_chips=8
-1 -1 -1
-1 -1 -1
-1 -1 -1
3 -1 -1
4 4 -1
4 4 -1
5 5 5
---
n=7,k=3,n_chips=8
-1 -1 -1
-1 -1 -1
-1 -1 -1
3 -1 -1
5 4 -1
4 3 -1
6 5 4
---
n=7,k=3,n_chips=8
-1 -1 -1
-1 -1 -1
-1 -1 -1
6 3 -1
5 4 -1
4 3 -1
5 4 -1
---
n=7,k=3,n_chips=8
-1 -1 -1
-1 -1 -1
-1 -1 -1
3 -1 -1
5 3 -1
4 4 -1
6 5 4
---
n=7,k=3,n_chips=8
-1 -1 -1
-1 -1 -1
-1 -1 -1
3 -1 -1
4 4 -1
4 4 -1
6 5 4
---
n=7,k=3,n_chips=8
-1 -1 -1
-1 -1 -1
-1 -1 -1
5 -1 -1
4 3 -1
4 3 -1
5 5 5
---
n=7,k=3,n_chips=8
-1 -1 -1
-1 -1 -1
-1 -1 -1
4 -1 -1
4 4 -1
4 4 -1
6 4 4
---
n=7,k=3,n_chips=8
-1 -1 -1
-1 -1 -1
-1 -1 -1
4 -1 -1
4 4 -1
4 3 -1
5 5 5
---
n=7,k=3,n_chips=8
-1 -1 -1
-1 -1 -1
-1 -1 -1
4 -1 -1
5 4 -1
4 3 -1
6 4 4
---
n=7,k=3,n_chips=8
-1 -1 -1
-1 -1 -1
-1 -1 -1
5 -1 -1
5 3 -1
4 4 -1
5 4 4
---
n=7,k=3,n_chips=8
-1 -1 -1
-1 -1 -1
-1 -1 -1
5 -1 -1
4 4 -1
4 4 -1
5 4 4
---
n=7,k=3,n_chips=8
-1 -1 -1
-1 -1 -1
-1 -1 -1
5 5 -1
5 3 -1
4 3 -1
4 4 -1
---
n=7,k=3,n_chips=8
-1 -1 -1
-1 -1 -1
-1 -1 -1
5 -1 -1
5 3 -1
4 3 -1
6 4 4
---
n=7,k=3,n_chips=8
-1 -1 -1
-1 -1 -1
-1 -1 -1
5 5 -1
4 4 -1
4 3 -1
4 4 -1
---
n=7,k=3,n_chips=8
-1 -1 -1
-1 -1 -1
-1 -1 -1
5 -1 -1
4 4 -1
4 3 -1
6 4 4
---
n=7,k=3,n_chips=8
-1 -1 -1
-1 -1 -1
-1 -1 -1
4 -1 -1
5 4 -1
5 5 3
4 4 -1
---
n=7,k=3,n_chips=8
-1 -1 -1
-1 -1 -1
-1 -1 -1
4 -1 -1
4 -1 -1
5 4 4
6 4 4
---
n=7,k=3,n_chips=8
-1 -1 -1
-1 -1 -1
-1 -1 -1
4 -1 -1
4 -1 -1
5 4 4
5 5 4
---
n=7,k=3,n_chips=8
-1 -1 -1
-1 -1 -1
-1 -1 -1
4 -1 -1
4 -1 -1
6 4 3
6 4 4
---
n=7,k=3,n_chips=8
-1 -1 -1
-1 -1 -1
-1 -1 -1
3 -1 -1
5 4 -1
4 4 -1
6 4 4
---
n=7,k=3,n_chips=8
-1 -1 -1
-1 -1 -1
-1 -1 -1
5 4 -1
5 4 -1
4 3 -1
4 4 -1
---
n=7,k=3,n_chips=8
-1 -1 -1
-1 -1 -1
-1 -1 -1
4 -1 -1
5 5 -1
3 3 -1
5 5 4
---
n=7,k=3,n_chips=8
-1 -1 -1
-1 -1 -1
-1 -1 -1
5 4 -1
4 4 -1
4 4 -1
4 4 -1
---
n=7,k=3,n_chips=8
-1 -1 -1
-1 -1 -1
-1 -1 -1
5 4 -1
5 3 -1
4 4 -1
4 4 -1
---
n=7,k=3,n_chips=8
-1 -1 -1
-1 -1 -1
-1 -1 -1
4 -1 -1
5 4 -1
3 3 -1
6 5 4
---
n=7,k=3,n_chips=8
-1 -1 -1
-1 -1 -1
-1 -1 -1
3 -1 -1
5 4 -1
3 3 -1
6 5 5
---
n=7,k=3,n_chips=8
-1 -1 -1
-1 -1 -1
-1 -1 -1
3 -1 -1
3 -1 -1
6 4 4
5 5 4
---
n=7,k=3,n_chips=8
-1 -1 -1
-1 -1 -1
-1 -1 -1
-1 -1 -1
5 3 -1
5 5 4
5 5 5
---
n=7,k=3,n_chips=8
-1 -1 -1
-1 -1 -1
-1 -1 -1
5 4 -1
4 3 -1
4 3 -1
5 5 -1
---
n=7,k=3,n_chips=8
-1 -1 -1
-1 -1 -1
-1 -1 -1
5 4 -1
5 4 -1
3 3 -1
5 4 -1
---
n=7,k=3,n_chips=8
-1 -1 -1
-1 -1 -1
-1 -1 -1
5 3 -1
5 3 -1
4 4 -1
5 4 -1
---
n=7,k=3,n_chips=8
-1 -1 -1
-1 -1 -1
-1 -1 -1
3 -1 -1
5 3 -1
5 5 4
5 4 -1
---
n=7,k=3,n_chips=8
-1 -1 -1
-1 -1 -1
-1 -1 -1
5 3 -1
5 3 -1
5 5 4
4 -1 -1
---
n=7,k=3,n_chips=8
-1 -1 -1
-1 -1 -1
-1 -1 -1
4 -1 -1
5 3 -1
5 4 4
5 4 -1
---
n=7,k=3,n_chips=8
-1 -1 -1
-1 -1 -1
-1 -1 -1
5 4 -1
3 -1 -1
5 4 4
5 4 -1
---
n=7,k=3,n_chips=8
-1 -1 -1
-1 -1 -1
-1 -1 -1
5 -1 -1
5 4 -1
5 4 3
4 4 -1
---
n=7,k=3,n_chips=8
-1 -1 -1
-1 -1 -1
-1 -1 -1
5 -1 -1
5 4 -1
3 3 -1
5 5 4
---
n=7,k=3,n_chips=8
-1 -1 -1
-1 -1 -1
-1 -1 -1
5 -1 -1
5 4 -1
3 3 -1
6 4 4
---
n=7,k=3,n_chips=8
-1 -1 -1
-1 -1 -1
-1 -1 -1
5 -1 -1
5 4 -1
6 3 3
4 4 -1
---
n=7,k=3,n_chips=8
-1 -1 -1
-1 -1 -1
-1 -1 -1
5 5 -1
5 5 -1
4 4 -1
3 3 -1
---
n=7,k=3,n_chips=8
-1 -1 -1
-1 -1 -1
-1 -1 -1
4 -1 -1
5 5 -1
4 3 -1
6 4 3
---
n=7,k=3,n_chips=8
-1 -1 -1
-1 -1 -1
-1 -1 -1
4 -1 -1
5 5 -1
4 3 -1
5 5 3
---
n=7,k=3,n_chips=8
-1 -1 -1
-1 -1 -1
-1 -1 -1
5 -1 -1
4 4 -1
4 4 -1
6 4 3
---
n=7,k=3,n_chips=8
-1 -1 -1
-1 -1 -1
-1 -1 -1
5 -1 -1
4 4 -1
4 4 -1
5 5 3
---
n=7,k=3,n_chips=8
-1 -1 -1
-1 -1 -1
-1 -1 -1
6 5 -1
5 4 -1
4 3 -1
3 3 -1
---
n=7,k=3,n_chips=8
-1 -1 -1
-1 -1 -1
-1 -1 -1
6 4 -1
5 4 -1
4 4 -1
3 3 -1
---
n=7,k=3,n_chips=8
-1 -1 -1
-1 -1 -1
-1 -1 -1
4 -1 -1
5 4 -1
4 4 -1
7 3 3
---
n=7,k=3,n_chips=8
-1 -1 -1
-1 -1 -1
-1 -1 -1
5 -1 -1
5 3 -1
4 4 -1
6 4 3
---
n=7,k=3,n_chips=8
-1 -1 -1
-1 -1 -1
-1 -1 -1
5 5 -1
3 -1 -1
4 4 -1
6 4 3
---
n=7,k=3,n_chips=8
-1 -1 -1
-1 -1 -1
-1 -1 -1
5 -1 -1
5 3 -1
4 4 -1
5 5 3
---
n=7,k=3,n_chips=9
-1 -1 -1
-1 -1 -1
-1 -1 -1
3 -1 -1
4 3 -1
5 4 4
5 4 4
---
n=7,k=3,n_chips=9
-1 -1 -1
-1 -1 -1
-1 -1 -1
3 -1 -1
4 4 -1
6 3 3
5 4 4
---
n=7,k=3,n_chips=9
-1 -1 -1
-1 -1 -1
-1 -1 -1
4 4 -1
4 4 -1
3 3 -1
5 4 4
---
n=7,k=3,n_chips=9
-1 -1 -1
-1 -1 -1
-1 -1 -1
5 3 -1
4 3 -1
3 3 -1
5 4 4
---
n=7,k=3,n_chips=9
-1 -1 -1
-1 -1 -1
-1 -1 -1
4 -1 -1
4 3 -1
5 4 3
5 4 4
---
n=7,k=3,n_chips=9
-1 -1 -1
-1 -1 -1
-1 -1 -1
5 3 -1
3 3 -1
3 3 -1
5 5 4
---
n=7,k=3,n_chips=9
-1 -1 -1
-1 -1 -1
-1 -1 -1
4 3 -1
4 3 -1
3 3 -1
5 5 4
---
n=7,k=3,n_chips=9
-1 -1 -1
-1 -1 -1
-1 -1 -1
4 3 -1
4 3 -1
5 4 3
4 4 -1
---
n=7,k=3,n_chips=9
-1 -1 -1
-1 -1 -1
-1 -1 -1
4 4 -1
4 3 -1
5 3 3
4 4 -1
---
n=7,k=3,n_chips=9
-1 -1 -1
-1 -1 -1
-1 -1 -1
5 4 -1
4 4 -1
3 3 -1
6 3 3
---
n=7,k=3,n_chips=9
-1 -1 -1
-1 -1 -1
-1 -1 -1
5 4 -1
4 4 -1
3 3 -1
5 4 3
---
n=7,k=3,n_chips=9
-1 -1 -1
-1 -1 -1
4 -1 -1
3 -1 -1
2 -1 -1
5 5 2
5 5 2
---
n=7,k=3,n_chips=9
-1 -1 -1
-1 -1 -1
-1 -1 -1
-1 -1 -1
5 5 3
5 5 3
5 5 3
---
n=7,k=3,n_chips=10
-1 -1 -1
-1 -1 -1
-1 -1 -1
3 3 -1
3 3 -1
4 4 4
4 4 4
---
n=7,k=3,n_chips=11
-1 -1 -1
-1 -1 -1
3 -1 -1
2 -1 -1
4 4 2
4 4 2
4 4 2
---
n=7,k=3,n_chips=12
-1 -1 -1
-1 -1 -1
-1 -1 -1
4 4 2
4 4 2
4 4 2
4 4 2
---
n=7,k=3,n_chips=13
-1 -1 -1
-1 -1 -1
2 -1 -1
3 3 2
3 3 2
3 3 2
3 3 2
---
n=7,k=3,n_chips=15
-1 -1 -1
-1 -1 -1
2 2 2
2 2 2
2 2 2
2 2 2
2 2 2
---
n=7,k=3,n_chips=18
-1 -1 -1
1 1 1
1 1 1
1 1 1
1 1 1
1 1 1
1 1 1
---
n=7,k=3,n_chips=21
0 0 0
0 0 0
0 0 0
0 0 0
0 0 0
0 0 0
0 0 0
---
